version https://git-lfs.github.com/spec/v1
oid sha256:4e2a7870be3eacf321c8f262af3859055cdb2809de853ed1cdddeed5a65aad88
size 50601761
